1.0 0.9030720292286971 0.956176742334765 0.6714046536991806 0.6018720321392033 0.0 0.0 0.0 0.0 0.0 0.0 0.0 0.09807310060147889 0.0 0.0 0.09564852922596967 0.042253223342638035 0.04708018279087256 0.0 0.0 0.0 0.0 0.0 0.0 0.0 0.0 0.0 0.0 0.0 0.0 0.0 0.0 0.06837073151159367 0.0 0.0 0.0 0.0 0.09781579189987566 0.0 0.1416530651020711 0.0 0.062144594685857535 0.0 0.0 0.0 0.0 0.0 0.0 0.0 0.0 0.0 0.11384490951701665 0.0 0.0 0.060540491628338744 0.0 0.0 0.0 0.0 0.0 0.0 0.0 0.0 0.0 0.1362587428230455 0.0 0.0 0.0 0.0 0.0 0.0 0.0 0.0 0.0 0.0 0.0 0.0 0.0 0.0 0.0 0.14242667641368745 0.0 0.0 0.0 0.0 0.0 0.0 0.0 0.0 0.0 0.0 0.0 0.14454109071613674 0.0 0.0 0.0 0.0 0.0 0.0 0.0 0.12388627443444178 0.0 0.0 0.0 0.1241145499662788 0.1241145499662788 0.08841775189932466 0.0 0.08841775189932466 0.08841775189932466 0.10636308624723934 0.08473997362437746 0.08792064017992107 0.0 0.0 0.0 0.0 0.0 0.0 0.0 0.0 0.0 0.0 0.0 0.0 0.0 0.0 0.0 0.0 0.0 0.0 0.0 0.0 0.0 0.0 0.0 0.10466629870662192 0.0 0.0 0.0 0.0 0.0 0.0 0.0 0.0 0.0 0.0 0.0 0.0 0.0 0.0 0.0 0.0 0.0 0.0 0.0 0.0 0.0 0.0 0.0 0.0 0.0 0.0 0.0 0.0 0.0 0.0 0.0 0.0 0.09578616135628792 0.0 0.0 0.0 0.0 0.0 0.0 0.0 0.0 0.0 0.0 0.0 0.0 0.0 0.0 0.0 0.0 0.0 0.0 0.0 0.0 0.0 0.0 0.0 0.08557243164743444 0.0 0.0 0.0 0.0 0.0 0.13662327928433649 0.0 0.0 0.0 0.0 
0.9030720292286971 1.0 0.8678548798429702 0.6060451369657766 0.5420634283247195 0.0023861300631335958 0.0 0.01950598722211072 0.0 0.0 0.0 0.0 0.3266019595419589 0.18106911972817208 0.07772134873700653 0.3250738855355395 0.20984261664086423 0.22235019178703164 0.06187561038123468 0.0 0.0 0.0 0.008792916181434296 0.023913424891012003 0.025601119529147454 0.025935491522448673 0.0 0.022202891117448886 0.05888009181906351 0.03551802188107056 0.03551802188107056 0.0009354758054495038 0.056856790208584584 0.0 0.03070188877504121 0.021695414113946487 0.01230115103392071 0.09122912441703734 0.01776867938333393 0.12041923417658007 0.0 0.05539215674092124 0.009453332096722278 0.0 0.0 0.0 0.014168097622645592 0.0 0.026664697675942706 0.0 0.0 0.3437465087396554 0.0 0.0007328483973657596 0.07401161000557432 0.04476515500766021 0.04534550591879072 0.0 0.0 0.0 0.0 0.013348386327655781 0.0 0.026904675724485072 0.1406068185664766 0.010361562949445902 0.0 0.03085540880143367 0.025753601941798765 0.0 0.04363326854496041 0.0 0.004722442672678739 0.0 0.0 0.0 0.0 0.010400231064136567 0.0 0.0 0.13838772214386952 0.0963514017357292 0.0049969928950801545 0.01980036607413127 0.009993246346580054 0.0 0.0 0.0 0.0 0.0 0.0 0.0 0.13229744391773446 0.0 0.04529224498662798 0.0 0.0 0.0019693224274094367 0.0 0.009931695660118756 0.11882510751562436 0.0071615056189034965 0.015705497270273927 0.0 0.10550974697469961 0.10550974697469961 0.07352780143360205 0.0 0.07352780143360205 0.07352780143360205 0.10225993247541898 0.07046937770184913 0.073114405582549 0.0 0.0 0.0 0.0 0.0061665638924969235 0.0 0.0028437644859135025 0.0 0.0 0.01940520122585987 0.02138224642925657 0.0 0.0 0.0 0.0 0.0 0.04433960598516673 0.04657840794513868 0.0 0.0 0.0 0.0 0.0 0.08897679358555799 0.0 0.0 0.0 0.0 0.0 0.0 0.0 0.0 0.0 0.003162859163470255 0.0 0.0 0.0 0.0 0.0 0.0 0.004102773871265675 0.05669751490689945 0.03118120180709738 0.03118120180709738 0.007577290761471289 0.0 0.008693828118609526 0.008084729461016571 0.0 0.0 0.0 0.0 0.052496890436251165 0.003958034728182347 0.003958034728182347 0.011342792811508629 0.07965533731632801 0.0 0.006480516922139357 0.0 0.0 0.0 0.0 0.0 0.0 0.0 0.0 0.0 0.024047374323411308 0.0 0.006240771092694386 0.0 0.0 0.046776791921664285 0.038395644489649494 0.0 0.0 0.0 0.013532705671754575 0.0 0.07116164601795427 0.0 0.0 0.06369263084680588 0.06369263084680588 0.06596880720161769 0.11361529935599946 0.009665068194684379 0.08946233374160295 0.07312178378837997 0.07312178378837997 
0.956176742334765 0.8678548798429702 1.0 0.6450792761833857 0.5780774244498773 0.0 0.0 0.0 0.0 0.0 0.0 0.0 0.09406529561863852 0.0 0.0 0.09173980553229444 0.08979775755395258 0.08768017892844937 0.0 0.0 0.0 0.0 0.0 0.0 0.0 0.0 0.0 0.0 0.0 0.0 0.0 0.04409277779552134 0.06518715836787459 0.0 0.0 0.0 0.0 0.09326115687931491 0.0 0.1355409875563367 0.0 0.059250931589161615 0.07060361400123427 0.0 0.0 0.0 0.0 0.0 0.0 0.0 0.0 0.10919258188757475 0.0 0.0 0.05792827720698013 0.0 0.0 0.0 0.0 0.0 0.0 0.0 0.0 0.0 0.24115240579398078 0.0352718365924547 0.0 0.0 0.0 0.0 0.0 0.0 0.0 0.04901494555785468 0.0 0.0 0.0 0.0 0.0 0.0 0.13606421369097077 0.0 0.0 0.0 0.0 0.0 0.04602550839140984 0.054939501657763734 0.054939501657763734 0.04964685375667699 0.04964685375667699 0.05778100581958123 0.13830440000728783 0.0 0.0 0.0 0.0 0.0 0.017456885184661708 0.055228791281092704 0.1787609492917257 0.05328699951522142 0.0 0.0 0.11875922812131068 0.11875922812131068 0.0843007214953575 0.0 0.0843007214953575 0.0843007214953575 0.1014104602130661 0.08079419305035673 0.08382675698360165 0.0 0.0 0.0 0.0 0.037107709562110514 0.0 0.0 0.0 0.0 0.07211908802362343 0.0794667416444701 0.0 0.0 0.0 0.0 0.0 0.0 0.0 0.0 0.0 0.0 0.0 0.0 0.10015013427587771 0.0 0.0 0.0 0.0 0.0 0.0 0.0 0.0 0.0 0.0 0.0 0.0 0.0 0.0 0.0 0.0 0.0 0.0 0.0 0.0 0.0 0.0 0.0 0.0 0.0 0.0 0.0 0.05472528449295144 0.0 0.0 0.0 0.0 0.09132603281748308 0.0 0.0 0.0 0.0 0.05455740930464614 0.0 0.0 0.0 0.0 0.0 0.0 0.0 0.0 0.05621369539698029 0.0 0.0 0.0 0.0 0.0 0.0 0.0 0.0 0.0 0.08158788900451541 0.0 0.0 0.0 0.0 0.0 0.13026163603260843 0.0 0.0 0.0 0.0 
0.6714046536991806 0.6060451369657766 0.6450792761833857 1.0 0.4332939905608426 0.0 0.0 0.0 0.0 0.0 0.0 0.0 0.0880094231141122 0.0 0.0 0.07485919760949611 0.11311259980256727 0.0642130741691157 0.0 0.07237439391037581 0.0 0.0 0.026186337918698843 0.0 0.016702781430799618 0.0 0.0 0.0 0.0 0.0 0.0 0.0 0.08227442124919249 0.0 0.0 0.0 0.0 0.1054084826208751 0.24909841547757217 0.45288580531545675 0.14916825797215205 0.11406515014888619 0.0 0.0 0.03586322151486021 0.06244586777566086 0.0 0.0 0.041754305422221694 0.0 0.0 0.07259947052571347 0.044015992758223765 0.0 0.338037427240213 0.03103915764082832 0.022201580861524017 0.0 0.0 0.0 0.0 0.0 0.07047708949405895 0.003677246246082122 0.15181738855520333 0.05696271182207613 0.0 0.005797467503144027 0.0 0.0 0.0543004492907051 0.0 0.0 0.0 0.0 0.0 0.0 0.0 0.065909271766875 0.0 0.30401811642338994 0.2527185017542404 0.029282505935557923 0.0 0.03962129102750522 0.0 0.0 0.0 0.0 0.0 0.0 0.0 0.6756675474475314 0.0 0.0 0.0 0.016418085142981043 0.0 0.01943319061196047 0.1366593715268215 0.5843094025770468 0.09110929805914514 0.0 0.0 0.6031033117605823 0.6031033117605823 0.09528094475784388 0.0 0.09528094475784388 0.09528094475784388 0.11517447623695098 0.09146282248492343 0.09489582733624591 0.0 0.0 0.0 0.0 0.0 0.009738933753957957 0.016174271559840747 0.02454585813687571 0.0 0.0 0.0 0.0 0.0 0.0 0.0 0.0 0.0 0.0 0.0 0.0 0.03397671624475895 0.0 0.0 0.3368306136276884 0.0 0.0 0.0 0.0 0.0 0.0 0.0 0.0 0.06227512547810554 0.0 0.019123386669853693 0.0 0.0 0.0 0.0 0.0 0.0 0.0 0.0 0.0 0.023004902208405453 0.0 0.0 0.0 0.0 0.0 0.0 0.0 0.0 0.0 0.0 0.0 0.05810874842022462 0.0 0.0 0.040046983217821186 0.017436073008393116 0.017551711410215276 0.0 0.0 0.0 0.0 0.0 0.0 0.0 0.0 0.0 0.0 0.0 0.0 0.12526564496655102 0.08150153761052759 0.021144003978134984 0.027010472237415373 0.0 0.0 0.05191258144077626 0.0 0.0 0.0 0.0 0.0 0.08288261740388059 0.0 0.0 0.0 0.0 
0.6018720321392033 0.5420634283247195 0.5780774244498773 0.4332939905608426 1.0 0.0 0.0 0.0 0.0 0.0 0.0 0.05324572084334522 0.07736357834119112 0.0 0.0 0.054217906205518474 0.0693280292259898 0.0858761976928979 0.0 0.02996597381384425 0.0 0.0 0.0 0.0 0.0329632960654439 0.0 0.0 0.02001422550286258 0.0 0.0 0.0 0.023704088539001522 0.45011436059443644 0.08748129043828101 0.0837322014724673 0.08589066909893128 0.07080324979200969 0.25948764744324615 0.02380849231075799 0.1278913975005853 0.0 0.1881533179975019 0.03712216495571419 0.0 0.030658012839898885 0.053382438475906846 0.0 0.0 0.06065359387868141 0.0 0.0932131776027616 0.06453243637010841 0.13011658595682307 0.05831911114499566 0.051114148654958 0.0 0.0 0.07854144256737428 0.07854144256737428 0.0 0.0 0.0 0.0 0.0 0.08240363515963955 0.0 0.1562973428739678 0.0 0.0 0.0 0.046419250732311346 0.0 0.0 0.0 0.0 0.0 0.0 0.04003595387704206 0.0 0.04981318918117317 0.5309382933058487 0.0 0.0 0.08023176024866785 0.037651578737911806 0.0 0.0 0.07896434111654349 0.07896434111654349 0.0 0.0 0.0 0.07967690597200938 0.0 0.015561347126123004 0.0 0.0 0.16848563871778155 0.07947061469556016 0.13715330604989184 0.06829113430948797 0.028318685176194514 0.034529722667337004 0.0 0.06841696903230465 0.06841696903230465 0.5851879429942101 0.21160289326742665 0.5851879429942101 0.5851879429942101 0.6625204350360405 0.5303225677566654 0.550227922723975 0.05981579212514476 0.0 0.0 0.0 0.0 0.09147830257018519 0.0277632082887862 0.0 0.0 0.0 0.0 0.0 0.0 0.06591061193114867 0.06849658646765922 0.0 0.0 0.05896065061217104 0.0 0.0 0.0 0.0 0.06449151715776413 0.1182158849013385 0.09427511795131771 0.02617766486758555 0.038237981383715924 0.04583964472262825 0.045348507715531894 0.045348507715531894 0.045348507715531894 0.0 0.024135954850219132 0.0 0.11937622357945266 0.0 0.0 0.0 0.0627772991351967 0.0549327933968895 0.0 0.0 0.0 0.0 0.0 0.0 0.0 0.0 0.06135241566340499 0.0 0.0 0.02894883633574674 0.0 0.0 0.0 0.0 0.368320911738934 0.0 0.0 0.0 0.0 0.0 0.0 0.0 0.0 0.0 0.0 0.0 0.0 0.0 0.0 0.0 0.0 0.0 0.07305119198266241 0.03454400595078255 0.0 0.04474960657052485 0.0 0.0 0.341309230947324 0.11059790660595925 0.0 0.0 0.0 0.0 0.49483889347103505 0.0 0.0 0.0 0.0 
0.0 0.0023861300631335958 0.0 0.0 0.0 1.0 0.4249960291343591 0.4262338725270153 0.0 0.0 0.0 0.0 0.0048122768199974075 0.0014120925343005242 0.1676500120991471 0.06677003894075184 0.3082454257975378 0.11204675511101969 0.0 0.0 0.0 0.0 0.0 0.0 0.03545568947203803 0.07047717910841655 0.0 0.038323685431389864 0.0 0.0008210391015556207 0.0008210391015556207 0.04509541170041287 0.0 0.0 0.06141443756992282 0.004127181200335506 0.048440022767787916 0.0017881143230019658 0.055696904211645304 0.0 0.0 0.0 0.0 0.0 0.0677284472442723 0.0 0.002634211270283515 0.0 0.026698040217378427 0.0 0.0 0.00343800406632222 0.0 0.48074826037043117 0.0 0.0 0.0 0.0 0.0 0.0 0.0 0.05748859619290114 0.04192127450534666 0.07717471061111358 0.05698350022045551 0.46173650106473985 0.07589254938347023 0.08720739585982906 0.0 0.0 0.0 0.0 0.0020085159882575754 0.0 0.0 0.0 0.07333939626148467 0.0 0.038360807593786794 0.0 0.0 0.0038621149828355072 0.1372832971462774 0.13878688150582652 0.07253069458287398 0.0970689567119003 0.0 0.051572496734122564 0.051572496734122564 0.0 0.0 0.0 0.004007766348953945 0.0 0.0013348058775082272 0.0 0.0 0.00024058881685318223 0.0 0.0017963875295321508 0.0025117458117733804 0.0012336889048172317 0.0029399087992599826 0.06414448008665685 0.0 0.0 0.0 0.0 0.0 0.0 0.002567422124040153 0.0 0.0 0.0 0.0 0.0 0.07927254819131324 0.45501632662608116 0.0 0.04335345817531866 0.06284879362433671 0.631556278218929 0.003673775454612227 0.07579826395159794 0.0 0.0 0.0 0.0 0.0 0.07245905303716793 0.0 0.0 0.0 0.03167950662548891 0.0 0.0 0.038644193397762816 0.10551523420129838 0.0 0.0 0.0 0.0 0.0 0.0 0.06473770157529068 0.04368592301172958 0.09148772727810084 0.0 0.0 0.0 0.0 0.0 0.0 0.0 0.0027156448606497907 0.09138851393799796 0.09138851393799796 0.0032227198289012104 0.0 0.0 0.2540563021594696 0.0 0.0 0.6534613996140519 0.0 0.4798055210501908 0.8961722628306805 0.8961722628306805 0.6131993449249152 0.051245719023166436 0.0 0.05446540858126259 0.0 0.0 0.0 0.0 0.0 0.08299282038158606 0.07375498827164828 0.0 0.0 0.004552627540882814 0.06386733071189266 0.0 0.0 0.0 0.17501860433483885 0.0 0.0 0.0 0.0 0.6970642323631238 0.0 0.0 0.0 0.0 0.0 0.0 0.0 0.0 0.0 0.17469562613142653 0.08526184344324883 0.08526184344324883 
0.0 0.0 0.0 0.0 0.0 0.4249960291343591 1.0 0.586557696284054 0.0 0.0 0.0 0.09717214156253595 0.0 0.0 0.16060629833075757 0.0 0.14976050657306228 0.07464105893423922 0.06458595047251192 0.0 0.08466649175119989 0.0 0.036864647968863795 0.0 0.0 0.0 0.0 0.0 0.0 0.0 0.0 0.0 0.011118248801487374 0.0 0.0 0.0 0.0 0.0 0.0 0.0 0.0 0.0 0.0 0.0 0.0 0.0 0.1260294911393589 0.0 0.0036132029611920524 0.0 0.0 0.048524000651687715 0.0 0.07301133942536997 0.032949938347422325 0.029531952466716138 0.0 0.0 0.0 0.0 0.0 0.0 0.10585667860194992 0.047686052485715225 0.0 0.08826449358025612 0.043145832233487 0.4193485630002286 0.04411256823859644 0.07716098860484066 0.07033870250148988 0.0 0.0 0.0 0.11797397672739529 0.10268326468924194 0.04559318370104237 0.0770093025664389 0.11010776097036601 0.024554866599340364 0.0 0.0 0.1402814709270872 0.1921066367373847 0.3376799076406646 0.4691622331182437 0.0 0.0 0.0 0.0 0.0 0.0 0.0 0.0 0.0 0.0 0.021784461731481408 0.0 0.0 0.0 0.0 0.056787784467531965 0.0 0.14100733225915452 0.0 0.0 0.0 0.0 0.0 0.0 0.0 0.0 0.0 0.0 0.0 0.0 0.0 0.0784341911148887 0.011355555843640674 0.0 0.19377614570888224 0.09964698666180205 0.0 0.0 0.0 0.0 0.0 0.0 0.0 0.0 0.05934217125053243 0.0 0.0 0.0 0.0 0.057459557327346866 0.020168694052659975 0.1188424752679813 0.05494736516183707 0.0 0.0 0.0 0.0 0.0 0.0 0.0 0.0 0.040355373534453176 0.03829499660651592 0.0 0.056614855368591344 0.0 0.0 0.0 0.0 0.0 0.0 0.0 0.0 0.10416369819234239 0.6720490731504104 0.032255830532769814 0.0 0.10548187918737395 0.0 0.08427097030594355 0.12357719359153041 0.12357719359153041 0.27096928436528245 0.0 0.0 0.0 0.0 0.10872996584676264 0.02328862240681584 0.037894763803002274 0.029887440297481027 0.0 0.0 0.0 0.0 0.0 0.0 0.0 0.11844750129625736 0.0 0.0 0.0 0.0 0.09589427493943548 0.10611439005311318 0.10995054766146328 0.0 0.019849947706591764 0.0 0.0 0.09409616666342424 0.09409616666342424 0.03049035446962245 0.0 0.0 0.0 0.0 0.0 
0.0 0.01950598722211072 0.0 0.0 0.0 0.4262338725270153 0.586557696284054 1.0 0.0 0.0 0.0 0.0 0.03823238609105739 0.012345763636158358 0.6010055333726944 0.13494060527137441 0.30154848072516605 0.315184075907601 0.0 0.0 0.0 0.0 0.07523906009067538 0.0 0.025598892021563624 0.0 0.0 0.0 0.0 0.007626654561447066 0.007626654561447066 0.001382481954424919 0.0 0.0 0.04634090032402072 0.03273960264405229 0.018551526241744276 0.014903281216480324 0.0 0.0 0.0 0.005487204184381644 0.01397049603717393 0.0 0.0 0.0 0.0213704430459285 0.0 0.0 0.0 0.0 0.027650573814153034 0.0 0.11214290291241757 0.06385955527663456 0.0 0.0 0.0 0.0 0.0 0.0 0.02013403191930807 0.0 0.0 0.02872823322114726 0.09441413593278147 0.0 0.1227759060771838 0.0 0.0 0.0 0.0 0.007308613151530197 0.0 0.0 0.0 0.0 0.0 0.0 0.0 0.0 0.030781731383437982 0.48928781972350466 0.6772736141750546 0.08958534647894889 0.1366596146435355 0.054974303017656156 0.0 0.0 0.0 0.0 0.0 0.014583510421361412 0.0 0.01657560327810559 0.0 0.0 0.002949821784971385 0.04440365136784197 0.014972235377796572 0.0203769232262746 0.010786001093737618 0.023692637448817888 0.0 0.0 0.0 0.0 0.0 0.0 0.0 0.020828605850870874 0.0 0.0 0.14478575718410602 0.0 0.0 0.16704166281179122 0.15546538706370205 0.0 0.004401106792009557 0.079026510438866 0.09861399957562211 0.02928063242796497 0.032263808599154786 0.0 0.0 0.0 0.0 0.0 0.0 0.0 0.0 0.0 0.09461481954098139 0.0 0.0 0.0 0.0 0.0 0.0 0.0 0.0 0.0 0.0 0.0 0.0 0.004894948585043246 0.0 0.0 0.0 0.0 0.0 0.0 0.006063236277271233 0.02203108554054567 0.0 0.0 0.011726873304921281 0.0 0.012848071985222975 0.21505971718475603 0.0 0.0 0.10438840488697831 0.0 0.09808731347315358 0.12842172420883824 0.12842172420883824 0.12771368021402585 0.0 0.0 0.010029468749272352 0.11951909008817141 0.0 0.0 0.0 0.0 0.0 0.0 0.0 0.0 0.03628523714988097 0.0 0.009222850411615857 0.0 0.0 0.0 0.0 0.0 0.0 0.0 0.1292227989727226 0.0 0.1398764362365147 0.0 0.0 0.0 0.0 0.0 0.0 0.014283407747800458 0.13708218370350167 0.03063665030785756 0.03063665030785756 
0.0 0.0 0.0 0.0 0.0 0.0 0.0 0.0 1.0 0.8008797189193846 0.7766677298278506 0.0 0.0 0.0 0.0 0.0 0.0 0.0 0.2093383369091928 0.19476950028448592 0.16049104288705474 0.0 0.0 0.0 0.0 0.0 0.0 0.0 0.0 0.0 0.0 0.0 0.0 0.0 0.0 0.0 0.0 0.0 0.0 0.0 0.0 0.0 0.0 0.0 0.0 0.0 0.0 0.0 0.0 0.0 0.0 0.0 0.0 0.0 0.0 0.0 0.0 0.22915885833961513 0.22915885833961513 0.0 0.0 0.0 0.0 0.0 0.0 0.0 0.0 0.0 0.0 0.0 0.0 0.0 0.0 0.0 0.0 0.0 0.0 0.0 0.0 0.0 0.0 0.0 0.0 0.0 0.0 0.0 0.0 0.0 0.0 0.0 0.0 0.0 0.0 0.0 0.0 0.0 0.0 0.0 0.0 0.0 0.0 0.0 0.0 0.0 0.0 0.0 0.0 0.0 0.0 0.0 0.0 0.0 0.0 0.0 0.0 0.0 0.0 0.0 0.0 0.0 0.0 0.0 0.0 0.0 0.0 0.0 0.0 0.0 0.0 0.0 0.0 0.0 0.0 0.0 0.0 0.0 0.0 0.0 0.0 0.0 0.0 0.0 0.0 0.0 0.0 0.0 0.0 0.0 0.0 0.0 0.0 0.0 0.0 0.0 0.0 0.0 0.0 0.0 0.0 0.0 0.0 0.0 0.0 0.0 0.0 0.0 0.0 0.0 0.0 0.0 0.0 0.0 0.0 0.0 0.0 0.0 0.0 0.0 0.0 0.0 0.0 0.0 0.0 0.0 0.0 0.0 0.0 0.0 0.0 0.0 0.0 0.0 0.0 0.0 0.0 0.0 0.0 0.0 0.0 0.0 0.0 0.0 0.0 0.0 
0.0 0.0 0.0 0.0 0.0 0.0 0.0 0.0 0.8008797189193846 1.0 0.6307103496648657 0.0 0.0 0.0 0.0 0.0 0.0 0.0 0.17427745965628505 0.16214867390882437 0.13361131871453003 0.0 0.0 0.0 0.0 0.0 0.0 0.0 0.0 0.0 0.0 0.0 0.0 0.0 0.0 0.0 0.0 0.0 0.0 0.0 0.0 0.0 0.0 0.0 0.0 0.0 0.0 0.0 0.0 0.0 0.0 0.0 0.0 0.0 0.0 0.0 0.0 0.6114733101255281 0.6114733101255281 0.0 0.0 0.0 0.0 0.0 0.0 0.0 0.0 0.0 0.0 0.0 0.0 0.0 0.0 0.0 0.0 0.0 0.0 0.0 0.0 0.0 0.0 0.0 0.0 0.0 0.0 0.0 0.0 0.0 0.0 0.0 0.0 0.0 0.0 0.0 0.0 0.0 0.0 0.0 0.0 0.0 0.0 0.0 0.0 0.0 0.0 0.0 0.0 0.0 0.0 0.0 0.0 0.2704947844154645 0.0 0.0 0.0 0.0 0.0 0.0 0.0 0.0 0.0 0.0 0.0 0.0 0.0 0.0 0.2846014137377171 0.0 0.0 0.0 0.0 0.0 0.0 0.0 0.0 0.0 0.0 0.0 0.0 0.0 0.0 0.0 0.0 0.0 0.0 0.0 0.0 0.0 0.0 0.0 0.0 0.0 0.0 0.0 0.0 0.0 0.0 0.0 0.0 0.0 0.0 0.27025413107825336 0.0 0.0 0.0 0.0 0.0 0.0 0.0 0.0 0.0 0.0 0.0 0.0 0.0 0.0 0.0 0.0 0.0 0.0 0.0 0.0 0.0 0.0 0.0 0.0 0.0 0.0 0.0 0.0 0.0 0.0 0.0 0.0 0.0 0.0 0.0 0.0 0.0 0.0 0.0 0.0 0.0 0.0 
0.0 0.0 0.0 0.0 0.0 0.0 0.0 0.0 0.7766677298278506 0.6307103496648657 1.0 0.0 0.0 0.0 0.0 0.0 0.0 0.0 0.6089129182648465 0.5517745865214215 0.46038153395880443 0.0 0.0 0.0 0.0 0.0 0.0 0.0 0.0 0.12293736260578869 0.12293736260578869 0.0 0.0 0.0 0.0 0.0 0.0 0.0 0.0 0.0 0.0 0.09084745915273307 0.0 0.0 0.0 0.0 0.10775819914079832 0.0 0.07684414260671968 0.0 0.0 0.11068827060426545 0.0 0.0 0.0 0.0 0.0 0.1852091805335898 0.1852091805335898 0.0 0.0 0.0 0.0 0.0 0.0 0.0 0.0 0.0889212194693364 0.10185122336726438 0.0 0.0 0.0 0.0 0.0 0.0987594923152002 0.0 0.0 0.0 0.08713210231957003 0.0 0.0 0.0 0.0 0.0 0.037213107880352925 0.07520298603445019 0.0 0.0 0.0 0.0 0.0 0.0 0.0 0.0 0.0 0.0 0.0 0.0 0.0 0.0 0.0 0.0 0.0 0.11675728238833138 0.0 0.0 0.0 0.0 0.0 0.0 0.0 0.0 0.0 0.0 0.0 0.0933487350781792 0.0 0.0 0.0 0.0 0.0 0.0 0.0 0.0 0.0 0.0 0.09001059729115413 0.09354212439720166 0.10793315396060676 0.0 0.0 0.0 0.0 0.0 0.0 0.0 0.1139655669822679 0.0 0.0 0.0 0.0 0.0 0.0 0.0 0.0 0.10875947536232755 0.0 0.0 0.0 0.0 0.0 0.0 0.0 0.0 0.0 0.0 0.0 0.0 0.0 0.0 0.0 0.0 0.0 0.0 0.0 0.0 0.0 0.0 0.0 0.0 0.0 0.0 0.0 0.0 0.0 0.0 0.0 0.0 0.0 0.0 0.0 0.0 0.0 0.0 0.0 0.0 0.0 0.13143458150862264 0.13881154558845366 0.0 0.0 0.0 0.0 0.0 0.0 0.0 0.0 0.0 0.0 0.0 0.0 0.0 0.0 0.0 
0.0 0.0 0.0 0.0 0.05324572084334522 0.0 0.09717214156253595 0.0 0.0 0.0 0.0 1.0 0.0 0.1192926438980576 0.0 0.08005730648202358 0.04330273033873655 0.0 0.0 0.0 0.11798894511523961 0.0 0.03871405385205473 0.0 0.0 0.0 0.0 0.0 0.0 0.0 0.0 0.0 0.11313828037939777 0.0 0.0 0.0 0.0 0.0 0.03256512682421475 0.0 0.0 0.0 0.0 0.0 0.1368893170347254 0.0 0.15206041023532268 0.07899936064041746 0.027284970742751713 0.0 0.10796877089062251 0.08434958697176931 0.03580214029843587 0.0 0.16272669013621466 0.20147840102800452 0.6156803859745604 0.0 0.0 0.07912636773647286 0.052456405009543405 0.0 0.08624341450958495 0.07634290615796946 0.03207506867197907 0.006892590198406157 0.0 0.09472492791350495 0.0 0.0 0.0 0.0 0.038224657474243195 0.2870863262188432 0.2321375636332571 0.16145759536755055 0.20840289321889005 0.47942282953566395 0.18080509393207256 0.3892272070920312 0.0 0.0 0.0 0.09293240251240109 0.3253788276652425 0.24366500963118876 0.01971926082319253 0.03722098177994004 0.03722098177994004 0.03375457981478469 0.03375457981478469 0.03886989416781195 0.0 0.0 0.07358336212471528 0.0 0.06515408730563099 0.04901923278589737 0.0 0.05258498909870046 0.0 0.015692695346195995 0.0 0.16840202059269804 0.0 0.0 0.0 0.0 0.0 0.0 0.0 0.0 0.06101466938116673 0.13232518419604844 0.0 0.060061442559005584 0.0 0.0 0.4201165475283113 0.1058807267665155 0.07261565817049576 0.0466598176170262 0.04799453647109986 0.05288432694608791 0.08744679991369009 0.0 0.057809872762740855 0.12564076384495138 0.06970836700744676 0.3818022852091687 0.43239540828280365 0.17925960228158733 0.16581184556548045 0.0 0.0 0.44991304521340925 0.015334883827396673 0.13659990692216295 0.19236802136334352 0.3577020347350973 0.3999926162221672 0.18706134864247392 0.18706134864247392 0.18706134864247392 0.0 0.0 0.0 0.10082348741741087 0.029116874032506845 0.0 0.02158413271305959 0.10145215379177652 0.44056200703721005 0.11200954073314062 0.0 0.0 0.0 0.637957592268762 0.12223069897118677 0.02391807926310996 0.09430140914818641 0.07095619735308178 0.0 0.0 0.06768353171808628 0.0 0.0 0.0 0.0 0.07281462244236103 0.0 0.0 0.0 0.1401878400615547 0.06965280832846066 0.02881256461466497 0.022724348124051108 0.0 0.0 0.0 0.0 0.0 0.0 0.0 0.15540998589142074 0.0 0.0 0.0 0.0 0.022019253431695862 0.09170256657343001 0.0 0.0 0.34126444754459084 0.12289155237057658 0.5630555303707536 0.042100321656282746 0.042100321656282746 0.023182762474704632 0.1761409811259672 0.07970405219685606 0.0 0.0 0.0 
0.09807310060147889 0.3266019595419589 0.09406529561863852 0.0880094231141122 0.07736357834119112 0.0048122768199974075 0.0 0.03823238609105739 0.0 0.0 0.0 0.0 1.0 0.49746656902558684 0.1144716142303921 0.4179274388765388 0.3224884424883886 0.36443272131155546 0.21410300035200358 0.08132101784285639 0.0 0.27704476785808896 0.25389249953727744 0.401914375138982 0.3753597796410043 0.5476761373302484 0.2643026155176882 0.4821932267117568 0.5016825672360486 0.4152686594063536 0.4152686594063536 0.28751432929854537 0.02146225726728157 0.0 0.06019815100932446 0.04252850209375303 0.04435748178480592 0.051174621591879466 0.14701363618267294 0.07852330325540535 0.04444408399566624 0.13497389465247178 0.04299649805959371 0.0 0.04817617303278787 0.08418484761557044 0.027758384901582223 0.04666327866765796 0.0867188476499623 0.0 0.0 0.414260770723887 0.03040032399047199 0.011666109309812933 0.03737849313453401 0.0644441171775415 0.05547660317886782 0.0 0.0 0.046738299116785065 0.030459971388113183 0.11237185857344889 0.0 0.061879245301653674 0.037328758090316216 0.0305503981199452 0.20594892033348355 0.13130649538077177 0.5148572114588152 0.17797507364267795 0.4266461715576195 0.0 0.00952408326713483 0.0 0.0 0.0 0.0 0.04781490795571852 0.0 0.07564539349412491 0.227936562132249 0.18398321044473387 0.03101424014857812 0.038809378467774214 0.011377960153002076 0.0 0.10373463235671887 0.0 0.0 0.02201223160534649 0.02201223160534649 0.0 0.01900423031024634 0.02949210176664463 0.1146749509792494 0.027154286184648657 0.0301278646674511 0.02764012957031614 0.09939174158808772 0.05141139516283244 0.026467887296921733 0.03138250976539114 0.05948307367004124 0.0 0.033027600789222844 0.033027600789222844 0.028760860300351188 0.06084793531655619 0.028760860300351188 0.028760860300351188 0.06203625485914732 0.027664777560723053 0.02870315920034905 0.0 0.0 0.0 0.0 0.038094697325408156 0.02456802320635798 0.05718000281879487 0.010970000499798571 0.07175621202332894 0.03803484217403552 0.09097539907997576 0.0 0.07962406668656885 0.0 0.0 0.0 0.0371176916987731 0.12870954012608715 0.031726155972314096 0.13049955606390462 0.035516809602049726 0.04446589122143996 0.0 0.10261173276143032 0.0 0.0 0.0 0.0 0.0 0.0 0.0 0.0 0.11744518337650267 0.023249164397086575 0.0 0.07767590616702325 0.0 0.0 0.0 0.0 0.04758037913302027 0.5449171145058118 0.4412029530617779 0.4412029530617779 0.015281656793645904 0.030792927690559635 0.0811801412197255 0.016305044214608322 0.0 0.1326695655790866 0.12075569721440693 0.018474893907618695 0.07157678626908892 0.007982447842831641 0.007982447842831641 0.02287581040287967 0.0 0.0 0.03612482339209255 0.017378993893760075 0.00796583035351861 0.008018660821183188 0.0 0.02257519385300688 0.0 0.0 0.0 0.035431781656384165 0.07932856657207787 0.0 0.055973528586978794 0.0 0.0 0.05722766723710293 0.33043337008412355 0.09108452902093822 0.0 0.0 0.026513513867660876 0.0 0.0 0.0 0.025897723577461895 0.05331854856911433 0.05331854856911433 0.07825458685757503 0.0 0.07257757030251011 0.1615486140558875 0.10441476537525562 0.10441476537525562 
0.0 0.18106911972817208 0.0 0.0 0.0 0.0014120925343005242 0.0 0.012345763636158358 0.0 0.0 0.0 0.1192926438980576 0.49746656902558684 1.0 0.06653136205631727 0.3252738694920385 0.1918514299008509 0.22147523964378946 0.06239697353009144 0.0 0.0 0.13223374017341993 0.24593081759653246 0.3363618476702249 0.2367001532453068 0.14469212684459587 0.12535768703499972 0.12624201810621272 0.1573709817663551 0.17162105118903204 0.17162105118903204 0.1297325302635186 0.007037716815190165 0.0 0.019416362523781094 0.013728044430936781 0.035399987042992964 0.00627158654594373 0.07519569142830107 0.0 0.0 0.024049945310013032 0.0402163349944602 0.0 0.05833718111560504 0.0 0.008975676805302313 0.0 0.02688937409784775 0.0 0.0 0.400548317276868 0.0 0.01447051599754412 0.06059223857873597 0.08168681100874275 0.043998935381063475 0.0 0.0 0.0 0.0 0.00845637888306583 0.01439721781647696 0.13782796036372935 0.011947940090837772 0.019283925141515113 0.0 0.09520026604383025 0.04420788746646798 0.0 0.10734421280960971 0.0 0.002794703501197482 0.050137044387934315 0.0 0.02077181066705891 0.07422354020991395 0.3374205396540533 0.06730103111974173 0.4988053055892221 0.04384458750251752 0.08950296097262567 0.0659736764725648 0.012532082415369405 0.08473463394268677 0.008400982868396079 0.0 0.0 0.0 0.0 0.0 0.0 0.00557651455745678 0.0 0.06243834388437908 0.0 0.029647166792875157 0.0012694745164845145 0.0031566032440458747 0.006300603779405001 0.00855839426316174 0.041691709028745194 0.00994617925656005 0.0 0.0 0.0 0.0 0.10552713236145261 0.0 0.0 0.008748102883064268 0.0 0.0 0.0 0.0 0.0 0.0 0.003707679931035157 0.018747341709943854 0.024890579827151482 0.09275141860703018 0.0 0.01228197398668418 0.013533288903545548 0.0 0.0 0.0 0.0 0.0 0.12342844077931359 0.5822594969384042 0.2735856787180839 0.6654503187990939 0.0529324457850755 0.0 0.1809672079685114 0.0 0.015954596589885406 0.060473617007016034 0.02594876445986183 0.0255553795554323 0.02507709062339869 0.02507709062339869 0.02507709062339869 0.0 0.08123338902772392 0.024856171829853335 0.0 0.13414351346566744 0.0 0.009142748116916843 0.0 0.0 0.038492110820597 0.08150607432602852 0.053524748253568344 0.053524748253568344 0.004484179584262282 0.0 0.07926196610371061 0.0047844777156650364 0.0 0.0 0.0 0.025170392518223506 0.0474990942176009 0.002342333042327449 0.002342333042327449 0.006712573339868522 0.0 0.0 0.03524564240455641 0.06869149200015201 0.04627341551412345 0.031694226893537736 0.0 0.030756684898788023 0.0 0.0 0.0 0.0 0.05908279533239913 0.0 0.030300155623486313 0.016947690990547826 0.0 0.045387718218000694 0.09413932964570737 0.0 0.0 0.0 0.0085731476198192 0.0 0.12616773848188279 0.09505595819557455 0.0 0.08211886105158661 0.08211886105158661 0.09790179376982155 0.0 0.039590391056757435 0.11837193033266424 0.06410020279543116 0.06410020279543116 
0.0 0.07772134873700653 0.0 0.0 0.0 0.1676500120991471 0.16060629833075757 0.6010055333726944 0.0 0.0 0.0 0.0 0.1144716142303921 0.06653136205631727 1.0 0.27495499399015655 0.3799501049205176 0.3842938234965272 0.0 0.0 0.0 0.0 0.05374009934361146 0.0 0.026760757197961227 0.0 0.0 0.04492440492501404 0.04453309161366392 0.010274815354862188 0.010274815354862188 0.0018503328407045716 0.0 0.0 0.0625062981644805 0.04415691389817944 0.02501534932973537 0.04736139675832152 0.0 0.0 0.0 0.03814921381484526 0.10904484187099905 0.0 0.0 0.0 0.028818085707700503 0.0 0.009980143394369034 0.0 0.0 0.08749139231859149 0.026347830800125926 0.029166612043197038 0.07282798166936133 0.054036658746927646 0.05473720863071252 0.0 0.0 0.0 0.0 0.027150782800581252 0.0 0.032606560242486426 0.12065533013107133 0.06594971076616263 0.0 0.0 0.0 0.0 0.0 0.0 0.009946330758007549 0.02400798271458826 0.0 0.0 0.0 0.0 0.0 0.0 0.014403453271131794 0.041514778352238935 0.42027502176515386 0.6100757392001506 0.0 0.0 0.3100733414382537 0.04281322408788202 0.04281322408788202 0.03878682468225547 0.03878682468225547 0.04480058922651109 0.019846777392143355 0.0 0.08014062668165733 0.0 0.0 0.003967772457192598 0.28110576016938094 0.04758052738766394 0.02747832221971136 0.04055104076174165 0.0319511617314342 0.07519247078354285 0.0 0.0 0.0 0.0 0.0 0.0 0.02808741715332219 0.0 0.0 0.12287154800148614 0.0 0.0 0.7445348799232124 0.35030204224792993 0.0 0.03149316115618794 0.05644531599205793 0.0 0.03949027265939886 0.12762179484834768 0.0 0.0 0.0 0.0 0.0 0.0 0.0 0.0 0.0 0.11216178249937869 0.12165116195525127 0.0 0.0 0.0 0.0 0.0 0.0 0.0 0.0 0.0 0.11255545847512471 0.051210213026496754 0.06422509620541461 0.0 0.0 0.0 0.018936635495637733 0.023430282558448257 0.0 0.008115118731841786 0.029708963449032733 0.06316147509214698 0.06316147509214698 0.015959164649941182 0.036608469395975174 0.017196036055230013 0.017027923657708444 0.0 0.0844961174139095 0.0 0.08177088208827221 0.12032085135226711 0.06572266136713367 0.06572266136713367 0.08981839871083086 0.0 0.0 0.013649157704629267 0.08536746428059638 0.0 0.06968466114562322 0.0 0.0 0.0 0.0 0.0 0.10546048115548712 0.04893725953785144 0.0 0.08417745761924333 0.0 0.0 0.05646493443202605 0.0 0.0 0.0 0.0 0.027525690624997545 0.0 0.11870528278176817 0.0 0.0 0.0 0.0 0.0 0.0 0.01911710915888576 0.19811630260108193 0.10507636044041857 0.10507636044041857 
0.09564852922596967 0.3250738855355395 0.09173980553229444 0.07485919760949611 0.054217906205518474 0.06677003894075184 0.0 0.13494060527137441 0.0 0.0 0.0 0.08005730648202358 0.4179274388765388 0.3252738694920385 0.27495499399015655 1.0 0.5133863399837642 0.5481832750631956 0.050755449550958676 0.0 0.0 0.0 0.125658391620606 0.07310761688254819 0.12536604380200989 0.030945569768916048 0.0 0.02649192576712689 0.05596194008690081 0.04849237493535452 0.04849237493535452 0.002182992719249821 0.009700184519352284 0.0 0.07403089659787931 0.052296306326054864 0.02962305789508901 0.023792466119975875 0.021201136947125998 0.0 0.0 0.022309182839909902 0.0220599560347583 0.0 0.0 0.0 0.0341272058705816 0.0 0.021872571589101053 0.0 0.0 0.35728446701966465 0.0 0.07118651950607047 0.1972603717956568 0.3266003488102641 0.313842717759532 0.0 0.0 0.0 0.0 0.032152737818226695 0.0 0.025738223050301268 0.04594615672321767 0.08157706863833847 0.0 0.031094290650832246 0.03072854374095857 0.0 0.052062107819903725 0.0 0.11533869319388268 0.0 0.0 0.0 0.0 0.030091045956093687 0.0 0.04170201211507363 0.02205777878729298 0.11146781382409032 0.17789879342021586 0.1369770907882788 0.05586126886530807 0.0 0.05544580341205718 0.0 0.0 0.02233613405590351 0.02233613405590351 0.0 0.04945036093326993 0.029926067945338364 0.11172887053129277 0.027553852207577445 0.11465769142948268 0.028855183244301252 0.043604155976669445 0.023902548559078807 0.052582143140610826 0.01721062699725806 0.06696866399459733 0.0 0.021095038545622558 0.021095038545622558 0.0 0.0 0.0 0.0 0.03326192715528631 0.0 0.0 0.0 0.0 0.0 0.12882544856888412 0.12339008246535088 0.13541073912927104 0.023262246328859093 0.02448949082354246 0.0 0.04676863058897629 0.05153352303709724 0.0 0.0 0.0 0.0 0.0 0.036370980760006 0.08766726184372686 0.03219299549365062 0.07194217409168935 0.0338986918302151 0.0 0.0 0.0 0.0 0.0 0.0 0.0 0.0 0.0 0.0 0.0 0.0 0.007924616574560228 0.019079471565219608 0.0 0.0 0.0 0.0 0.07286488737308339 0.03290750268050335 0.085404630508914 0.037204618048784055 0.037204618048784055 0.14845949807939685 0.031246035077289847 0.05093736741427124 0.020256476111099264 0.0 0.0 0.0 0.0 0.5317276640942713 0.0795292630847243 0.0795292630847243 0.10797217995147812 0.0 0.0 0.016237084599289076 0.0399550189915755 0.09738325474173248 0.09802911369960399 0.0 0.0 0.0971418533277516 0.0 0.0 0.03595314819076667 0.05795676907836966 0.0 0.03976439996514247 0.0 0.0 0.5362284998905235 0.04581270782350544 0.0 0.021095448711062614 0.02694844516370709 0.13954439114123718 0.0 0.0 0.0 0.12029444863378524 0.05224591873591122 0.05224591873591122 0.05411302523286421 0.0 0.05273027984297052 0.44643520494566524 0.6639851956196585 0.6639851956196585 
0.042253223342638035 0.20984261664086423 0.08979775755395258 0.11311259980256727 0.0693280292259898 0.3082454257975378 0.14976050657306228 0.30154848072516605 0.0 0.0 0.0 0.04330273033873655 0.3224884424883886 0.1918514299008509 0.3799501049205176 0.5133863399837642 1.0 0.8332725955203695 0.0536041437868785 0.0 0.0303526888322041 0.05816162958174309 0.027918326726119713 0.048184811962925456 0.19534851694476263 0.07128350525809601 0.018565835872831893 0.1437287940754045 0.13018447430564417 0.06962368885117165 0.06962368885117165 0.061973911664478964 0.028251097676459613 0.0 0.42918926833200266 0.3899469428907718 0.383548306626599 0.2745693188014864 0.05638281749239116 0.0 0.0 0.11176468298995546 0.07373932321980681 0.0 0.0 0.0 0.1765257255788858 0.035596070102729915 0.031037298712997874 0.0 0.0 0.286373352014373 0.11635027768222383 0.14162639606137706 0.12781389047999825 0.04954730602168844 0.10579525602667328 0.0 0.0 0.0 0.0 0.13637677329513376 0.0792981903293799 0.17674793002874922 0.2936382182342704 0.43425262344341053 0.04801811095072028 0.062092832840896284 0.06811585848784063 0.0 0.03791265296359292 0.0 0.11944442869605387 0.13606216701594442 0.030725221021526528 0.0 0.0 0.01717931512755888 0.07354430931783495 0.011235688414616973 0.07618582634810311 0.19296152272983091 0.20488225763333134 0.2876066784124398 0.057170496770773904 0.07122540751036166 0.07041535048304737 0.035962870093252164 0.035962870093252164 0.048477448116524546 0.048477448116524546 0.03782289142503359 0.17516124993550708 0.021285756416068446 0.12174849340607663 0.01959845133968574 0.01642544738065499 0.057189478234365154 0.0851894951709894 0.18128302676218577 0.2444450992892403 0.14339355066187864 0.13730322458548083 0.07935191356913907 0.1710252271941347 0.1710252271941347 0.03778947428245616 0.003452353922021034 0.03778947428245616 0.03778947428245616 0.0946590936673305 0.03321334579680346 0.03445998977903875 0.05672825288970884 0.0 0.0 0.14123966110946207 0.35176228754816163 0.05411715562869157 0.2155585796924886 0.08776648200133019 0.09866331674919848 0.26165162693475397 0.3262729622333569 0.0043217670952201415 0.0 0.0 0.0 0.0 0.02371102519841095 0.03823410790132453 0.01877181536951622 0.019383233828954127 0.1053045968160603 0.0 0.0 0.03900449810916373 0.09395704403464744 0.009577047819541162 0.0 0.0 0.0 0.0 0.0 0.055837582391403906 0.03820273760704407 0.22255558489392735 0.0 0.0 0.0 0.022750444675403658 0.0 0.041883075028465555 0.025550782026765195 0.18033062670161837 0.06281924438975162 0.06281924438975162 0.11338742163142945 0.018219640406435422 0.04318357246918414 0.18661685734969136 0.0 0.04836474907223631 0.10375017684697563 0.05057046414156485 0.43987255280823434 0.2965892990654164 0.2965892990654164 0.37543161537642544 0.0 0.07592115528139431 0.24405674955143875 0.0 0.0 0.03571275610888458 0.0 0.0 0.10782692389980286 0.0508355216913946 0.0 0.020964369715860687 0.20030213348639503 0.11228698959679184 0.06966147879735451 0.0 0.0 0.3012135815449375 0.0333617167219461 0.0 0.0 0.0 0.16579666977962904 0.04194409534936561 0.05184994982378288 0.0 0.06617598442558392 0.050536568668811066 0.050536568668811066 0.03527744586611681 0.0 0.04573516502654984 0.3059318140427352 0.3476141285744635 0.3476141285744635 
0.04708018279087256 0.22235019178703164 0.08768017892844937 0.0642130741691157 0.0858761976928979 0.11204675511101969 0.07464105893423922 0.315184075907601 0.0 0.0 0.0 0.0 0.36443272131155546 0.22147523964378946 0.3842938234965272 0.5481832750631956 0.8332725955203695 1.0 0.06426955664573875 0.01293879116963459 0.03335724106876803 0.08726132660261121 0.09400391784727635 0.0819729487258084 0.3340594069476408 0.09455724754896 0.042451265813144734 0.14774544202977535 0.15416569609762842 0.09661459504038716 0.09661459504038716 0.08025857935958669 0.031047617588696563 0.0 0.39070991368734986 0.41285597231178284 0.2936149253159952 0.3112739677895697 0.06201740122689969 0.0 0.0 0.19459495088052725 0.21431475020791502 0.0 0.014911360547200325 0.0 0.18610515202284839 0.041060685430853616 0.03308313246626282 0.0 0.0 0.3040259693282067 0.11187536775301987 0.15613271303430376 0.06573767519982121 0.05141853092042126 0.052085138491947625 0.0 0.0 0.0 0.0 0.14916088301562702 0.040647232896606766 0.07568480454987792 0.31671703688432173 0.171384815440341 0.05369717900384252 0.05898426263081735 0.07827835958836082 0.0 0.057818300525544375 0.0 0.015319827756385629 0.12960501491412013 0.03376664947781538 0.0 0.021310453466463652 0.027865929629583452 0.038273179686790115 0.014087340098999368 0.09882538570166455 0.20156749577794253 0.2860886367347273 0.3199407449951146 0.044666356313000866 0.03347896058347655 0.12967030919055378 0.03444683638085799 0.03444683638085799 0.06239415451728347 0.06239415451728347 0.032643363710870066 0.08175960318321607 0.045756427176347536 0.26586494127652593 0.04212935138243745 0.03530558859396593 0.08931366803292318 0.14856918769337268 0.20571670140637166 0.18113979969932725 0.17705312440118925 0.18159152705777615 0.054147523186754754 0.10889781969806356 0.10889781969806356 0.04454391012147396 0.02307047629814507 0.04454391012147396 0.04454391012147396 0.09952776758628457 0.03650106877084458 0.03787111555886513 0.06358183907301707 0.0 0.0 0.1091432215953203 0.14827554817096344 0.020037407116531125 0.07410791474189282 0.019413285045534523 0.04387149162876425 0.2646622379838137 0.2963690794685542 0.009153419105954241 0.0 0.0 0.0 0.0 0.046761580538956515 0.043653383882074404 0.040482975016891576 0.024302757168993216 0.09914140027832619 0.0 0.0 0.011070644717581901 0.0024734457008256383 0.01200773150693113 0.0 0.0 0.0 0.0 0.0 0.004278958278250866 0.02447440127253464 0.06165175973461601 0.0 0.020857290880783586 0.0 0.014262288153565228 0.0162261710612549 0.0475714002706118 0.20772124061273356 0.1919115165421943 0.06792020720914604 0.06792020720914604 0.02458109020515553 0.03929216396344115 0.27936094316178484 0.026227245386441833 0.0 0.05251448633680322 0.046013879542041614 0.21073915691344924 0.2821231334945975 0.07171822396541949 0.07171822396541949 0.054842216302673386 0.003387180704648163 0.08077923465723003 0.08101963220940833 0.029360503853444464 0.0 0.11104008806973109 0.0 0.01679467349430752 0.07752285747763132 0.06074260131446496 0.0 0.04521140010945779 0.23180802944376067 0.12526268009576347 0.30362236539882415 0.0 0.0 0.2529742377210231 0.06420733914957277 0.014915506565426395 0.0 0.0 0.10679162887605198 0.0 0.055167749334912974 0.0 0.03304582179749904 0.05750394266001335 0.05750394266001335 0.055296096916848114 0.0 0.27015616776721374 0.3926331048252053 0.3262006043181296 0.3262006043181296 
