0.0 0.0 0.9774408457526684 0.9958826767892327 0.4746906699922524 0.17598874429327693 0.8855894261811705 0.9998073442508466 0.9998073442508466 
0.0 0.0 0.9774408457526684 0.9958826767892327 0.4746906699922524 0.17598874429327693 0.8855894261811705 0.9998073442508466 0.9998073442508466 
0.9774408457526684 0.9774408457526684 0.0 0.34675303614032704 0.6259851212551509 0.988728945175025 0.9993984524873458 0.8855894261811705 0.8855894261811705 
0.9958826767892327 0.9958826767892327 0.34675303614032704 0.0 0.4174183035681006 1.0 0.988728945175025 0.17598874429327693 0.17598874429327693 
0.4746906699922524 0.4746906699922524 0.6259851212551509 0.4174183035681006 0.0 0.4174183035681007 0.625985121255151 0.4746906699922524 0.4746906699922524 
0.17598874429327693 0.17598874429327693 0.988728945175025 1.0 0.4174183035681007 0.0 0.34675303614032704 0.9958826767892327 0.9958826767892327 
0.8855894261811705 0.8855894261811705 0.9993984524873458 0.988728945175025 0.625985121255151 0.34675303614032704 0.0 0.9774408457526684 0.9774408457526684 
0.9998073442508466 0.9998073442508466 0.8855894261811705 0.17598874429327693 0.4746906699922524 0.9958826767892327 0.9774408457526684 0.0 0.0 
0.9998073442508466 0.9998073442508466 0.8855894261811705 0.17598874429327693 0.4746906699922524 0.9958826767892327 0.9774408457526684 0.0 0.0 
