1.0 1.0 0.02255915424733157 0.004117323210767299 0.5253093300077476 0.8240112557067231 0.11441057381882946 0.000192655749153392 0.000192655749153392 
1.0 1.0 0.02255915424733157 0.004117323210767299 0.5253093300077476 0.8240112557067231 0.11441057381882946 0.000192655749153392 0.000192655749153392 
0.02255915424733157 0.02255915424733157 1.0 0.653246963859673 0.37401487874484896 0.011271054824975035 0.0006015475126541769 0.11441057381882946 0.11441057381882946 
0.004117323210767299 0.004117323210767299 0.653246963859673 1.0 0.5825816964318993 0.0 0.011271054824975035 0.8240112557067231 0.8240112557067231 
0.5253093300077476 0.5253093300077476 0.37401487874484896 0.5825816964318993 1.0 0.5825816964318992 0.37401487874484896 0.5253093300077476 0.5253093300077476 
0.8240112557067231 0.8240112557067231 0.011271054824975035 0.0 0.5825816964318992 1.0 0.653246963859673 0.004117323210767299 0.004117323210767299 
0.11441057381882946 0.11441057381882946 0.0006015475126541769 0.011271054824975035 0.37401487874484896 0.653246963859673 1.0 0.02255915424733157 0.02255915424733157 
0.000192655749153392 0.000192655749153392 0.11441057381882946 0.8240112557067231 0.5253093300077476 0.004117323210767299 0.02255915424733157 1.0 1.0 
0.000192655749153392 0.000192655749153392 0.11441057381882946 0.8240112557067231 0.5253093300077476 0.004117323210767299 0.02255915424733157 1.0 1.0 
