1.0 1.0 -0.29951385958453597 -0.5805337479013744 0.10304812978744693 0.7348798923463756 -0.17653148969105756 -0.4325780741243415 -0.4325780741243415 
1.0 1.0 -0.29951385958453597 -0.5805337479013744 0.10304812978744693 0.7348798923463756 -0.17653148969105756 -0.4325780741243415 -0.4325780741243415 
-0.29951385958453597 -0.29951385958453597 1.0 0.5321050419791528 -0.05011258670334247 -0.430345468261599 -0.25040489531366084 -0.17653148969105756 -0.17653148969105756 
-0.5805337479013744 -0.5805337479013744 0.5321050419791528 1.0 -0.01316362434388295 -0.7964178414285948 -0.4303454682615991 0.7348798923463755 0.7348798923463755 
0.10304812978744693 0.10304812978744693 -0.05011258670334247 -0.01316362434388295 1.0 -0.013163624343882905 -0.050112586703342496 0.10304812978744692 0.10304812978744692 
0.7348798923463756 0.7348798923463756 -0.430345468261599 -0.7964178414285948 -0.013163624343882905 1.0 0.5321050419791528 -0.5805337479013742 -0.5805337479013742 
-0.17653148969105756 -0.17653148969105756 -0.25040489531366084 -0.4303454682615991 -0.050112586703342496 0.5321050419791528 1.0 -0.299513859584536 -0.299513859584536 
-0.4325780741243415 -0.4325780741243415 -0.17653148969105756 0.7348798923463755 0.10304812978744692 -0.5805337479013742 -0.299513859584536 1.0 1.0 
-0.4325780741243415 -0.4325780741243415 -0.17653148969105756 0.7348798923463755 0.10304812978744692 -0.5805337479013742 -0.299513859584536 1.0 1.0 
